1	1	-1	0	-1	0	
1	2	20	16	-1	0	
1	7	-1	0	-1	0	
1	8	20	16	-1	0	
2	129	-1	0	-1	0	
3	10	-1	0	-1	0	
3	12	-1	0	-1	0	
3	25	16	8	-1	0	
3	26	16	8	-1	0	
3	134	-1	0	-1	0	
3	135	-1	0	-1	0	
3	145	-1	0	-1	0	
5	1	16	16	19	8	1974
5	1	16	16	18	32	1985
5	1	16	16	18	8	1975
5	1	16	16	18	16	1991
5	1	16	16	-1	0	
5	1	16	16	18	16	1959
5	2	16	16	-1	0	
5	3	16	16	18	8	1962
5	3	16	16	18	8	1964
5	3	16	16	18	8	1960
5	3	16	16	18	8	1958
5	3	16	16	18	8	1970
5	3	16	16	18	8	1963
5	3	16	16	18	8	1979
5	3	16	16	18	8	1978
5	3	16	16	18	8	1973
5	3	16	16	18	8	1967
5	3	16	16	-1	0	
5	3	16	16	18	8	1957
5	3	16	16	18	8	1969
5	3	16	16	18	8	1956
5	3	16	16	18	8	1954
5	4	16	16	-1	0	
5	130	-1	0	-1	0	
5	132	-1	0	-1	0	
5	134	-1	0	-1	0	
5	241	-1	0	-1	0	
6	6	16	16	18	32	1977
6	6	16	16	-1	0	
6	6	16	16	18	32	1965
6	6	16	16	18	32	1961
6	6	16	16	18	32	1976
6	10	-1	0	-1	0	
8	145	-1	0	-1	0	
9	2	-1	0	-1	0	
11	10	-1	0	-1	0	
11	13	-1	0	-1	0	
11	19	-1	0	-1	0	
12	9	-1	0	-1	0	
12	11	-1	0	-1	0	
12	12	-1	0	-1	0	
12	141	-1	0	-1	0	
12	143	-1	0	-1	0	
13	1	-1	0	-1	0	
13	2	-1	0	-1	0	
13	3	-1	0	-1	0	
13	4	-1	0	-1	0	
13	14	-1	0	-1	0	
13	15	-1	0	-1	0	
13	16	-1	0	-1	0	
13	130	-1	0	-1	0	
13	140	-1	0	-1	0	
13	149	-1	0	-1	0	
13	150	-1	0	-1	0	
13	151	-1	0	-1	0	
13	152	-1	0	-1	0	
14	4	-1	0	-1	0	
14	8	-1	0	-1	0	
14	12	-1	0	-1	0	
14	16	-1	0	-1	0	
14	129	-1	0	-1	0	
14	131	-1	0	-1	0	
15	6	-1	0	-1	0	
15	13	-1	0	-1	0	
15	134	-1	0	-1	0	
15	141	-1	0	-1	0	
15	152	-1	0	-1	0	
15	155	-1	0	-1	0	
15	156	-1	0	-1	0	
17	2	-1	0	-1	0	
18	9	-1	0	-1	0	
18	144	-1	0	-1	0	
19	7	-1	0	-1	0	
19	131	-1	0	-1	0	
21	3	16	8	-1	0	
21	4	-1	0	-1	0	
21	5	16	8	-1	0	
21	6	16	8	-1	0	
21	7	-1	0	-1	0	
22	2	-1	0	-1	0	
128	6	-1	0	-1	0	
128	129	-1	0	-1	0	
129	224	-1	0	-1	0	
129	225	-1	0	-1	0	
129	226	-1	0	-1	0	
129	227	-1	0	-1	0	
129	228	-1	0	-1	0	
129	229	-1	0	-1	0	
130	4	-1	0	-1	0	
131	2	-1	0	-1	0	
131	2	16	8	-1	0	1971
131	128	-1	0	-1	0	
131	128	17	32	25	32	1972
131	129	-1	0	-1	0	
132	2	16	16	19	32	1955
132	2	-1	0	-1	0	
133	10	-1	0	-1	0	
133	12	-1	0	-1	0	
139	3	17	32	-1	0	1953
139	3	-1	0	-1	0	
140	2	-1	0	-1	0	
141	3	16	8	17	40	1980
141	3	-1	0	-1	0	
142	7	-1	0	-1	0	
142	9	-1	0	-1	0	
142	11	-1	0	-1	0	
143	2	-1	0	-1	0	
144	4	-1	0	-1	0	
144	6	-1	0	-1	0	
145	2	-1	0	-1	0	
156	1	-1	0	-1	0	
156	2	-1	0	-1	0	
156	3	-1	0	-1	0	
156	4	-1	0	-1	0	
156	5	-1	0	-1	0	
156	6	-1	0	-1	0	
156	7	-1	0	-1	0	
157	1	-1	0	-1	0	
157	2	-1	0	-1	0	
160	1	-1	0	-1	0	
160	2	-1	0	-1	0	
160	3	-1	0	-1	0	
160	4	-1	0	-1	0	
160	5	-1	0	-1	0	
160	6	-1	0	-1	0	
161	3	-1	0	-1	0	
161	4	-1	0	-1	0	
161	5	-1	0	-1	0	
162	1	-1	0	-1	0	
162	2	-1	0	-1	0	
164	1	-1	0	-1	0	
164	2	-1	0	-1	0	
164	3	-1	0	-1	0	
165	1	-1	0	-1	0	
169	6	-1	0	-1	0	
180	32	16	8	-1	0	
180	34	16	8	-1	0	
181	32	16	8	-1	0	
181	82	16	8	-1	0	
181	96	16	8	-1	0	
200	248	-1	0	-1	0	
200	249	-1	0	-1	0	
200	250	-1	0	-1	0	
200	251	-1	0	-1	0	
200	252	-1	0	-1	0	
200	253	-1	0	-1	0	
201	200	-1	0	-1	0	
202	200	-1	0	-1	0	
203	200	-1	0	-1	0	
206	13	-1	0	-1	0	
207	5	-1	0	-1	0	
209	5	-1	0	-1	0	
210	33	-1	0	-1	0	
210	36	-1	0	-1	0	
210	39	-1	0	-1	0	
210	42	-1	0	-1	0	
210	45	-1	0	-1	0	
210	48	-1	0	-1	0	
211	3	-1	0	-1	0	
212	4	-1	0	-1	0	
212	7	-1	0	-1	0	
212	9	-1	0	-1	0	
212	15	-1	0	-1	0	
213	10	-1	0	-1	0	
213	15	-1	0	-1	0	
228	15	-1	0	-1	0	
228	52	-1	0	-1	0	
231	2	-1	0	-1	0	
231	4	-1	0	-1	0	
231	128	-1	0	-1	0	
231	129	-1	0	-1	0	
231	130	-1	0	-1	0	
231	131	-1	0	-1	0	
231	132	-1	0	-1	0	
231	133	-1	0	-1	0	
232	25	-1	0	-1	0	
232	124	-1	0	-1	0	
232	136	-1	0	-1	0	
232	157	-1	0	-1	0	
233	4	-1	0	-1	0	
233	12	-1	0	-1	0	
233	17	-1	0	-1	0	
233	22	-1	0	-1	0	
233	32	-1	0	-1	0	
233	42	-1	0	-1	0	
233	46	-1	0	-1	0	
233	48	-1	0	-1	0	
233	72	-1	0	-1	0	
233	82	-1	0	-1	0	
234	1	-1	0	-1	0	
234	24	-1	0	-1	0	
236	16	-1	0	-1	0	
236	19	-1	0	-1	0	
237	12	-1	0	-1	0	
237	20	-1	0	-1	0	
238	3	-1	0	-1	0	
238	7	-1	0	-1	0	
239	3	-1	0	-1	0	
239	6	-1	0	-1	0	
239	8	-1	0	-1	0	
239	10	-1	0	-1	0	
239	12	-1	0	-1	0	
239	14	-1	0	-1	0	
239	18	-1	0	-1	0	
239	21	-1	0	-1	0	
243	14	-1	0	-1	0	
243	16	-1	0	-1	0	
244	3	-1	0	-1	0	
247	1	16	16	-1	0	
247	2	16	16	-1	0	
247	4	16	16	-1	0	
247	5	16	16	-1	0	
247	6	16	16	-1	0	
247	7	16	16	-1	0	
248	1	16	16	-1	0	
255	6	-1	0	-1	0	
255	210	16	8	-1	0	
